0.014425088737763058	0.09118337616899774
0.014761092218380957	0.08119937049437784
0.015104922225479198	0.07745398096563544
0.01545676106227867	0.0747212271030026
0.01581679527838778	0.072507707962639
0.016185215768713592	0.0706231500570337
0.01656221787467657	0.06897030221714295
0.01694800148778357	0.0674916221482243
0.017342771155612717	0.06614976590611799
0.01774673619026728	0.06491889330417716
0.018160110779355743	0.06378023552904426
0.018583114099556913	0.06271968060979873
0.019015970432830254	0.06172631217505944
0.019458909285333285	0.060791506252993684
0.019912165509108442	0.05990822991585498
0.020375979426605195	0.05907075618001538
0.0208505969581019	0.058274316806738835
0.02133626975209607	0.05751484433512544
0.021833255318731724	0.056788952936837306
0.022341817166334668	0.0560936401015784
0.022862224941128106	0.055426382978350446
0.023394754570202753	0.054784913800253056
0.02393968840781661	0.054167292317798515
0.024497315385103535	0.05357175226772951
0.02506793116326794	0.052996773418207764
0.0256518382903484	0.05244094075514519
0.026249346361632626	0.05190304790179244
0.026860772183808966	0.051381938014769514
0.027486439942941504	0.050876627223593034
0.02812668137635784	0.05038617220812068
0.028781835948540675	0.04990974145398
0.029452251031115956	0.04944657073888255
0.03013828208703456	0.04899593956269329
0.030840292859043026	0.04855722538206979
0.0315586555625449	0.048129807989739946
0.032293751082954215	0.047713143216127664
0.03304596917764605	0.04730672615490624
0.03381570868261098	0.04691006878881471
0.03460337772392339	0.04652274238156149
0.035409393934134746	0.04614433060381593
0.03623418467370871	0.045774443722994766
0.03707818725761281	0.045412735119468334
0.03794184918718872	0.04505885979176435
0.03882562838742342	0.04471250014228845
0.03972999344974709	0.0443733699897459
0.04065542388048644	0.04404118277462083
0.04160241035510554	0.04371567473887947
0.04257145497836776	0.04339660525836825
0.04356307155055933	0.04308373585959803
0.04457778583991243	0.042776843927305526
0.045616135861374606	0.04247572403773077
0.04667867216187141	0.042180176953664286
0.04776595811221371	0.041890012497393984
0.04887857020580431	0.04160505337512224
0.05001709836430237	0.04132513146517284
0.05118214625040798	0.04105008322320426
0.05237433158793113	0.04077975512118224
0.05359428648931844	0.040514001855258525
0.05484265779080664	0.040252683224522336
0.05612010739538391	0.03999566587468081
0.05742731262373965	0.039742822394023505
0.05876496657338884	0.03949403091230174
0.06013377848616154	0.03924917577420944
0.061534474124252496	0.039008145639447954
0.06296779615502894	0.038770832439430206
0.0644345045448041	0.038537134364340406
0.06593537696178041	0.03830695457746845
0.06747120918837975	0.038080198927753516
0.06904281554317779	0.0378567741766858
0.07065102931266652	0.037636595385550656
0.07229670319307376	0.037419580365865505
0.07398070974247427	0.03720564873557451
0.07570394184343039	0.036994719259661045
0.07746731317641203	0.03678672028346112
0.07927175870424093	0.036581581682958685
0.08111823516782056	0.036379234292831776
0.08300772159341298	0.036179607302666776
0.0849412198117313	0.03598263836407096
0.08691975498912376	0.03578826801860931
0.08894437617113041	0.0355964363794025
0.09101615683870136	0.03540708248143971
0.09313619547736911	0.03522014894745169
0.09530561615968222	0.035035586428282126
0.09752556914120218	0.03485334281879437
0.09979723147038429	0.034673367197142084
0.10212180761266454	0.0344956026773003
0.10450053008908315	0.03432000993595807
0.10693466012978282	0.034146543475019976
0.10942548834273086	0.0339751587150314
0.1119743353980158	0.03380580818328322
0.11458255272808451	0.03363844952727165
0.11725152324428885	0.03347304722833701
0.11998266207012467	0.03330956215957749
0.12277741729154835	0.03314795586371739
0.12563727072477152	0.03298818388194935
0.12856373870193857	0.03283021552438922
0.13155837287510766	0.03267401828977502
0.13462276103895607	0.03251955829839552
0.13775852797265045	0.032366802155542586
0.14096733630132538	0.03221570855599172
0.14425088737763056	0.03206625503740999
0.14761092218380958	0.031918412188338866
0.151049222254792	0.031772150514874385
0.154567610622787	0.031627440870521474
0.15816795278387813	0.03148424561419783
0.1618521576871356	0.03134254683361804
0.16562217874676569	0.031202318796934306
0.1694800148778357	0.031063535723971376
0.17342771155612716	0.03092617207935777
0.1774673619026728	0.03079019473144678
0.18160110779355745	0.030655586476101036
0.18583114099556947	0.030522326172417805
0.19015970432830293	0.030390391219883826
0.19458909285333245	0.030259759186621694
0.19912165509108437	0.030130402614189096
0.2037597942660519	0.030002301075209136
0.208505969581019	0.02987543908678348
0.21336269752096074	0.029749796795530106
0.21833255318731726	0.029625354460744373
0.22341817166334665	0.02950209165007736
0.22862224941128154	0.029379980992550497
0.23394754570202705	0.029259013639238607
0.23939688407816562	0.029139172126629455
0.24497315385103532	0.02902043906350401
0.25067931163267937	0.028902797124816148
0.256518382903484	0.028786224552451802
0.26249346361632625	0.028670704228831424
0.2686077218380896	0.028556225907422
0.27486439942941565	0.02844277425749062
0.281266813763579	0.028330333987372645
0.2878183594854062	0.028218889839362632
0.2945225103111595	0.02810842012604765
0.30138282087034557	0.02799891412046601
0.3084029285904303	0.027890361307220574
0.31558655562544896	0.027782748187679954
0.32293751082954214	0.02767606128007321
0.3304596917764612	0.02757028711514834
0.3381570868261105	0.02746540547917778
0.3460337772392333	0.027361408207146578
0.3540939393413474	0.02725828584602575
0.3623418467370871	0.027156026484457953
0.3707818725761281	0.027054618214052376
0.37941849187188725	0.026954049125663522
0.3882562838742343	0.026854301837046027
0.39729993449747086	0.026755367177920777
0.4065542388048652	0.026657238070971232
0.41602410355105457	0.02655990398824068
0.42571454978367684	0.026463354397090053
0.4356307155055934	0.026367578757036207
0.4457778583991243	0.02627256379351124
0.456161358613746	0.026178296187813886
0.4667867216187141	0.026084772375858926
0.47765958112213713	0.02599198303935412
0.488785702058044	0.025899918852411278
0.5001709836430248	0.02580857047881147
0.5118214625040787	0.02571792856913571
0.5237433158793113	0.025627976986113386
0.5359428648931844	0.0255387126948064
0.5484265779080664	0.025450128685959333
0.5612010739538391	0.02536221669261988
0.5742731262373966	0.02527496843839662
0.5876496657338897	0.02518837563503673
0.6013377848616166	0.025102428531960246
0.6153447412425237	0.02501711435443427
0.6296779615502894	0.024932431734968372
0.6443450454480409	0.02484837333376055
0.659353769617804	0.024764931804817487
0.6747120918837973	0.02468209979394446
0.6904281554317778	0.024599869936647978
0.7065102931266651	0.02451823240167914
0.7229670319307391	0.02443717803012996
0.7398070974247412	0.0243567046966181
0.7570394184343023	0.024276805867643397
0.7746731317641203	0.024197475006655172
0.7927175870424094	0.024118705572360698
0.8111823516782058	0.024040491016965926
0.8300772159341298	0.023962822729642716
0.8494121981173129	0.023885692206508536
0.8691975498912392	0.023809097738938186
0.8894437617113059	0.023733033500387277
0.9101615683870119	0.02365749366590028
0.9313619547736909	0.02358247241074762
0.9530561615968222	0.02350796390901381
0.9752556914120216	0.023433961712931207
0.9979723147038428	0.023360455822327045
1.0212180761266452	0.023287445771520438
1.0450053008908315	0.023214926352008277
1.069346601297828	0.02314289236241422
1.0942548834273087	0.02307133860745827
1.1197433539801602	0.023000259896894873
1.1458255272808453	0.022929651044417652
1.1725152324428885	0.022859503599788035
1.1998266207012467	0.022789814520015297
1.2277741729154836	0.02272058051852954
1.2563727072477127	0.022651796936934088
1.2856373870193858	0.022583459129185763
1.3155837287510768	0.022515562460878016
1.3462276103895605	0.02244810230850729
1.3775852797265047	0.02238107371128244
1.409673363013254	0.022314469015935378
1.4425088737763057	0.02224828736686736
1.476109221838096	0.022182524573833937
1.51049222254792	0.022117176465147305
1.5456761062278699	0.02205223888729186
1.581679527838781	0.02198770770453778
1.618521576871356	0.021923578798552563
1.656221787467657	0.021859847274452542
1.6948001487783573	0.02179650784615859
1.7342771155612715	0.02173355873193567
1.774673619026728	0.021670996164213915
1.8160110779355745	0.02160881639969479
1.858311409955691	0.021547015719288853
1.9015970432830291	0.021485590428051392
1.9458909285333248	0.02142453685517017
1.9912165509108442	0.021363850877010558
2.037597942660519	0.021303528021235984
2.08505969581019	0.021243566188135218
2.1336269752096073	0.021183961978099644
2.1833255318731726	0.02112471202136929
2.2341817166334668	0.021065812978291756
2.2862224941128155	0.021007261539605075
2.3394754570202707	0.020949054426745464
2.3939688407816613	0.020891188368835724
2.449731538510353	0.020833659439626888
2.5067931163267936	0.020776465239331864
2.56518382903484	0.02071960268444002
2.624934636163262	0.020663068726422554
2.6860772183808965	0.020606860352352655
2.7486439942941563	0.020550974585457564
2.81266813763579	0.02049540848577564
2.8781835948540677	0.020440159150830743
2.9452251031115955	0.020385223933123624
3.013828208703455	0.020330599933064266
3.084029285904303	0.020276284182151463
3.15586555625449	0.020222273903039288
3.2293751082954216	0.02016856635872294
3.304596917764605	0.020115158853411846
3.3815708682611048	0.02006204873347948
3.4603377723923323	0.020009233388455464
3.5409393934134745	0.019956710252068435
3.6234184673708705	0.019904478239697584
3.707818725761281	0.019852533486217967
3.794184918718872	0.019800873316252927
3.8825628387423428	0.019749495220035496
3.972999344974709	0.019698396733108324
4.0655423880486525	0.019647575437538502
4.160241035510547	0.01959702896319163
4.257145497836777	0.01954675498906678
4.356307155055934	0.019496751340094865
4.457778583991243	0.01944701841215013
4.56161358613746	0.019397551181925182
4.66786721618714	0.019348347320799004
4.776595811221371	0.019299404548412002
4.88785702058044	0.01925072063411178
5.001709836430248	0.019202293398467195
5.118214625040799	0.01915412071485256
5.237433158793113	0.01910620051110365
5.359428648931845	0.019058530771267686
5.484265779080663	0.019011113319085494
5.61201073953839	0.018963942648985765
5.742731262373965	0.018917016281415913
5.876496657338883	0.018870332127669972
6.013377848616166	0.018823888152337518
6.153447412425237	0.018777682375086993
6.296779615502895	0.018731712872529237
6.443450454480411	0.018685977780163173
6.593537696178041	0.018640475294404827
6.7471209188379735	0.018595206798680278
6.9042815543177785	0.018550169778508194
7.065102931266652	0.018505359893088033
7.22967031930739	0.018460775208357105
7.398070974247411	0.018416413846137153
7.57039418434304	0.018372273986149143
7.746731317641203	0.018328353868117705
7.927175870424093	0.01828465179397785
8.111823516782056	0.01824116613010934
8.300772159341298	0.018197895309824248
8.494121981173128	0.018154844624434934
8.691975498912392	0.018112005747291732
8.894437617113057	0.01806937672131339
9.101615683870136	0.018026955788803947
9.31361954773691	0.017984741251541335
9.530561615968221	0.017942731473160146
9.752556914120216	0.01790092488146653
9.97972314703843	0.01785931997109176
10.212180761266454	0.017817915305931284
10.450053008908293	0.01777671076725833
10.69346601297828	0.01773571099521702
10.942548834273087	0.017694907235755654
11.197433539801601	0.017654297816872163
11.458255272808453	0.017613881126450077
11.725152324428885	0.017573655614695826
11.998266207012467	0.017533619796684278
12.277741729154837	0.017493772255014136
12.563727072477125	0.01745411164257443
12.856373870193858	0.01741463668542295
13.155837287510764	0.017375346862151003
13.462276103895633	0.017336249692586448
13.775852797265046	0.017297334477068417
14.09673363013254	0.017258599656661475
14.425088737763057	0.0172200437338713
14.76109221838096	0.017181665275276016
15.104922225479198	0.017143462914227185
15.4567610622787	0.01710543535387624
15.816795278387811	0.01706758136995892
16.18521576871359	0.017029899814022927
16.56221787467657	0.016992389616631003
16.94800148778357	0.01695505832371911
17.342771155612716	0.016917899418701674
17.74673619026728	0.016880908362117735
18.160110779355747	0.01684408374053569
18.58311409955691	0.016807424205143764
19.01597043283029	0.01677092847469999
19.45890928533325	0.01673459533852364
19.912165509108437	0.016698423659661912
20.375979426605188	0.01666241237817486
20.850596958101903	0.016626560514550952
21.336269752096076	0.01659086903570993
21.833255318731723	0.01655534672051446
22.341817166334668	0.016519980978069337
22.86222494112815	0.016484770449828982
23.394754570202704	0.016449713841201797
23.93968840781661	0.0164148099245426
24.49731538510353	0.01638005754228022
25.067931163267936	0.01634545561018177
25.6518382903484	0.016311003120754626
26.24934636163262	0.016276699146786214
26.86077218380896	0.016242542845021062
27.486439942941566	0.01620853769535133
28.126681376357897	0.016174689623884145
28.781835948540678	0.016140986697002407
29.452251031115953	0.01610742764634374
30.138282087034558	0.01607401126854998
30.840292859043025	0.016040736428428584
31.558655562544896	0.016007602062257816
32.293751082954216	0.015974607181237267
33.04596917764605	0.01594175087508438
33.815708682611046	0.01590903231579285
34.60337772392332	0.015876450761441598
35.40939393413475	0.015844008118855196
36.234184673708704	0.01581171561922193
37.078187257612804	0.015779558019149598
37.94184918718872	0.01574753411388447
38.82562838742343	0.015715642763581537
39.72999344974709	0.01568388289654792
40.655423880486524	0.015652253512680184
41.60241035510546	0.015620753687041944
42.57145497836776	0.015589382573596112
43.563071550559336	0.0155581394090915
44.57778583991244	0.0155270235171023
45.61613586137461	0.015496034312218285
46.678672161871404	0.015465185309216391
47.7659581122137	0.015434466766287134
48.87857020580441	0.015403872787795186
50.017098364302484	0.015373402270661429
51.18214625040798	0.015343054178599163
52.37433158793113	0.015312827545669124
53.59428648931844	0.015282721479913405
54.84265779080664	0.015252735167157083
56.12010739538391	0.015222867874979975
57.42731262373965	0.015193118956809673
58.76496657338884	0.015163487856263745
60.13377848616166	0.01513397525796685
61.53447412425237	0.015104599275954289
62.96779615502895	0.015075339705234602
64.43450454480411	0.015046195454749688
65.9353769617804	0.015017165497677704
67.47120918837973	0.014988248874899985
69.04281554317777	0.014959444698633582
70.65102931266652	0.01493075215623214
72.2967031930739	0.01490217051415607
73.98070974247412	0.01487369912211202
75.70394184343039	0.014845337417360426
77.46731317641203	0.014817084929188535
79.27175870424092	0.014788943009463845
81.11823516782057	0.014760930746313903
83.00772159341298	0.014733026571631933
84.94121981173129	0.014705229445474855
86.91975498912392	0.014677538391641355
88.94437617113059	0.014649952501219686
91.01615683870136	0.014622470936308717
93.1361954773691	0.014595092933942164
95.3056161596822	0.01456781781003442
97.52556914120215	0.014540644963852685
99.79723147038429	0.01451357388226117
102.12180761266453	0.014486604144377345
104.50053008908294	0.014459735426335819
106.93466012978281	0.014432987439089514
109.42548834273086	0.014406345024394543
111.97433539801602	0.014379802271539061
114.58255272808452	0.014353358230021282
117.25152324428883	0.014327012014883398
119.98266207012468	0.014300762810451171
122.77741729154836	0.014274609874254962
125.63727072477127	0.014248552541133799
128.56373870193858	0.014222590227522923
131.55837287510764	0.01419672243592404
134.6227610389563	0.014170948759585201
137.75852797265048	0.014145268887184538
140.9673363013254	0.014119688606317828
144.25088737763056	0.014094222959761652
147.61092218380958	0.014068850415032252
151.04922225479228	0.014043570024442986
154.56761062278702	0.014018380902774453
158.16795278387815	0.013993282230957615
161.8521576871356	0.013968273259946318
165.62217874676574	0.013943353314789382
169.48001487783569	0.013918521798738221
173.42771155612715	0.013893778198012616
177.46736190267276	0.013869122086072017
181.60110779355745	0.01384455312861234
185.83114099556948	0.0138200710885198
190.1597043283029	0.01379568561656633
194.58909285333246	0.013771406547463933
199.12165509108397	0.013747213849394365
203.75979426605193	0.013723106616058606
208.50596958101903	0.013699084002854432
213.36269849445213	0.013675145230601772
218.33255426292646	0.013651289589477457
223.4181738646738	0.01362751644313589
228.62225393296816	0.013603825233028506
233.94755261547326	0.013580215482918805
239.3968958026525	0.013556686803593026
244.97317238733044	0.013533238897767521
250.67934160356836	0.013509871565132826
256.5184291367009	0.013486588821772682
262.49353570261553	0.013463414195278009
268.6078326703703	0.01344031997840762
274.8645672996949	0.013417305283669202
281.26706644389844	0.013394369283168376
287.8187339028269	0.013371511212323786
294.52306151371783	0.013348730373778433
301.3836250788489	0.013326026141510591
308.4040898523832	0.013303397965146789
315.5882174983653	0.013280845374466926
322.93986886160104	0.013258367984142557
330.4630079570512	0.013235965498627
338.16171346446635	0.013213637717284493
346.0401795390239	0.013191384539641512
354.10272810062946	0.013169226471918464
362.3538183326466	0.013147156878406606
370.7980574343757	0.01312516156742064
379.440210595967	0.013103239706038095
388.28521732003395	0.013081390521167588
397.33821099666386	0.013059613303357908
406.6045276117333	0.013037907410822619
416.08972942130333	0.013016272273652185
425.7996307778676	0.012994707398247244
435.74031063906	0.012973212371971103
445.91814896804624	0.01295178686790983
456.339843001965	0.012930430650075304
467.0124431875898	0.012909143578504286
477.9433751545641	0.012887925614751852
489.14047337568473	0.012866803998087664
500.61201109098374	0.01284576134850305
512.3667295671225	0.012824787568889839
524.4138649939789	0.012803881858190305
536.7631828131218	0.012783043474063595
549.4250014574369	0.012762271736739671
562.4102136162212	0.012741566033045283
575.7303098596648	0.012720925820653997
589.3973958249913	0.012700350632573933
603.4242012516683	0.012679840081801742
617.8240932509497	0.012659393866224883
632.6110687421912	0.012639011773717852
647.799759434364	0.012618693687443826
663.4054068203632	0.012598439591351119
679.4438566367688	0.012578270867752591
695.931519923058	0.012558184562043885
712.8853529076263	0.012538162371070019
730.322805365903	0.012518203504035345
748.2617852782769	0.012498307226278043
766.7205944455867	0.012478472863187533
785.7178877462601	0.012458699804160006
805.2726066355198	0.012438987506797668
825.4039178184469	0.012419335501324643
846.1311455112515	0.012399743395220831
867.4737202489882	0.012380210878073294
889.4511177374471	0.012360737726642732
912.0827881041456	0.012341323810140286
935.3881171803309	0.012321969095707165
959.3863687237441	0.012302673684261408
984.0966545141943	0.01228347956658253
1009.5378816331707	0.012264345434058157
1035.7287395393366	0.012245270486792852
1062.6876807708845	0.012226253977325954
1090.432890182968	0.012207295214287556
1118.982320859445	0.012188393566235396
1148.3536290030627	0.012169548465717247
1178.5642768481944	0.012150759413486886
1209.631463861244	0.01213202598314264
1241.5721980750184	0.01211334782569295
1274.4033342545101	0.01209472467457903
1308.141549014652	0.012076156350818506
1342.8034324446755	0.012057642768379171
1378.4055571508395	0.012039183939757597
1414.9643994587677	0.01202078446012863
1452.496539608655	0.012002480318237344
1491.0185697040963	0.011984231822522314
1530.5472570753393	0.01196603819616568
1571.0994983330459	0.01194789871325785
1612.6924469349049	0.011929812702407387
1655.3434819634772	0.011911779550553335
1699.0703118289653	0.011893798707036688
1743.8910032681522	0.011875869687827292
1789.824018873827	0.011857992080034059
1836.8882500571608	0.011840165546617185
1885.103096986554	0.011822389831332082
1934.488465747554	0.011804664763897202
1985.0648049813035	0.011786990265388283
2036.8531934014668	0.011769366353719429
2089.8753151753826	0.011751793149738388
2144.1535298345248	0.011734310679864371
2199.710874593658	0.011716887614879249
2256.571135929929	0.011699515675268573
2314.7588377544575	0.011682194136280945
2374.2992894054	0.01166492232471271
2435.2186090809478	0.011647699622623608
2497.543759592936	0.01163052547127174
2561.302523648791	0.011613399375272908
2626.5236082600004	0.01159632090698816
2693.236612880052	0.011579289711141935
2761.472038529045	0.011562305509671435
2831.2613819001676	0.011545368106805742
2902.6370602236393	0.011528477394370712
2975.6325148824194	0.011511633357312812
3050.2821643195502	0.011494836079431735
3126.6214937598506	0.011478096046642686
3204.687011984206	0.01146144360014306
3284.5162995407572	0.011444839089258408
3366.1480123682554	0.011428281773046278
3449.6219523311474	0.011411770957848623
3534.97901360966	0.011395306000811093
3622.2612486749376	0.011378886313619241
3711.511865794434	0.011362511366457826
3802.7752768851597	0.011346180692198367
3896.097078459401	0.011329893890818885
3991.5241176864374	0.011313650634058217
4089.104465631803	0.01129745067030545
4188.887492421263	0.011281293829722792
4290.9238363289705	0.011265180029597626
4395.265456592055	0.011249109279916436
4501.965658558706	0.011233081689187454
4611.079098939362	0.011217107701537296
4722.661830502767	0.011201220866177948
4836.771306824158	0.011185378561947632
4953.466445157438	0.011169580060710727
5072.807594813471	0.011153824679514734
5194.85662432977	0.011138111784038639
5319.676916101171	0.011122440792256248
5447.333399038937	0.011106811178326044
5577.892592044634	0.011091222476710795
5711.422616706705	0.011075674286536987
5847.993259266705	0.011060166276162974
5987.675964642975	0.01104469818805071
6130.543903635816	0.011029269843801795
6276.671972810039	0.011013881149470951
6426.136938149552	0.010998532101097054
6579.017294059283	0.010983222790452432
6735.393291169105	0.010967953410996035
6895.347439671514	0.010952768993952915
7058.963881515006	0.010937637802864766
7226.328763469698	0.010922547536252577
7397.530319234222	0.0109074975037177
7572.6590397219015	0.010892487059949892
7751.807135870339	0.010877515608228477
7935.069265887034	0.010862582604145746
8122.542296592062	0.010847687559559178
8314.32518626766	0.010832830046778224
8510.519416939356	0.01081800970302716
8711.228735073122	0.0108032262349274
8916.5591748942	0.010788479423773046
9126.619369858092	0.010773769130321563
9341.520635184152	0.010759095300356432
9561.376556197676	0.010744457970260994
9786.30361196576	0.010729857272871028
10016.420698030885	0.01071529344349075
10251.84988302868	0.010700826259218074
10492.715897911203	0.01068639803680747
10739.146095038212	0.010672007656851203
10991.271141181209	0.010657654447493916
11249.22443598607	0.01064333778048667
11513.143071426104	0.010629057074693945
11783.166513611002	0.010614811799563681
12059.43795889168	0.01060060147945113
12342.10374331312	0.010586425697402108
12631.313864705648	0.01057228409969983
12927.22164449352	0.010558176400489736
13229.983596065691	0.010544102386661343
13539.760254615265	0.0105300619229827
13856.716088692174	0.010516054957444999
14181.019104176357	0.010502081526910505
14512.841030231426	0.010488141762901469
14852.357839483953	0.010474235897644278
15199.749466414863	0.010460413911529267
15555.200030186688	0.010446641067705443
15918.898179040893	0.010432903475540045
16291.036734288373	0.010419200464035138
16671.812878885175	0.010405531402952311
17061.42842569185	0.010391895706140217
17460.08992286978	0.010378292835083777
17868.00908952164	0.010364722302682716
18285.401801937085	0.010351183677266245
18712.489394593784	0.010337676586849637
19149.498637551307	0.010324200723636845
19596.661074274096	0.010310755848771636
20054.213589298062	0.010297341797337451
20522.39877264299	0.010283958483603571
21001.4652785143	0.01027060590656791
21491.666838015073	0.010257284155420904
21993.263309464728	0.01024399341592895
22506.52092407481	0.010230744893617036
23031.711538825566	0.010217584074736247
23569.113534048352	0.010204456396763496
24119.012189440207	0.010191361175016445
24681.698717567528	0.010178297761506342
25257.471807828326	0.010165265548038387
25846.636421348292	0.010152263969525547
26449.505282322847	0.010139292507527261
27066.397650924857	0.010126350694019655
27697.641159528474	0.01011343811540452
28343.570138995874	0.010100554416762931
29004.52694677783	0.010087699306357884
29680.86204669885	0.010074872560388486
30372.934406072614	0.01006207402803431
31081.110879808602	0.010049303636524178
31805.766498528686	0.010036561396993004
32547.285867351886	0.010023847409882115
33306.06251443068	0.01001116187103614
34082.49814115884	0.009998513271367025
34877.004878504355	0.009985956057466563
35690.003274483715	0.009973429650588596
36521.92541324116	0.009960933374025498
37373.21120201271	0.00994846658553943
38244.31303759641	0.009936028680369339
39135.69246466411	0.009923619094214773
40047.822272138736	0.00991123730719792
40981.18551493212	0.009898882846930074
41936.277892189275	0.009886555292717094
42913.604687258696	0.009874254279633647
43913.68536257515	0.009861979502912106
44937.0491655085	0.009849730722585052
45984.239156388234	0.009837507768382757
47055.81088758933	0.009825310544884482
48152.3316440341	0.00981313903691929
49274.38368908993	0.009800993315208522
50422.56158733954	0.009788873542237734
51597.4740016207	0.00977677997834113
52799.74436071031	0.009764759672441949
54030.00924536171	0.009752794677622795
55288.92205140705	0.009740857941512469
56577.14987703447	0.00972894881301253
57895.374945232565	0.009717066674878585
59244.29711962697	0.009705210946745422
60624.63186551821	0.009693381088113993
62037.11067874716	0.009681576602333314
63482.48211788661	0.009669797039648155
64961.51375170217	0.00965804200144885
66474.98869672565	0.009646311144356488
68023.71009034988	0.009634604184634127
69608.50005138693	0.00962292090285472
71230.19877601946	0.009611261148826968
72889.66652019686	0.009599624846777599
74587.78428032363	0.009588012000785346
76325.45274318435	0.009576422700458052
78103.59686061279	0.009564857126839922
79923.15990974901	0.009553315558530721
81785.1087932853	0.009541852991249721
83690.43542678373	0.009530439630382843
85640.15520068919	0.009519052443098417
87635.3068653156	0.00950769078828943
89676.95540236979	0.009496354056795081
91766.19401682123	0.00948504167430256
93904.14273327282	0.009473753104462268
96091.95030413012	0.009462487852226266
98330.79454015309	0.009451245467419057
100621.88757483086	0.009440025548549228
102966.47079351838	0.009428827746869217
105365.82230603369	0.00941765177068933
107821.25703826059	0.009406497389950237
110334.1256220284	0.009395364441056177
112905.82002068678	0.009384252831968367
115537.7718588226	0.009373162547555068
118231.46254644381	0.009362093655190994
120988.4125434923	0.009351046310594371
123810.03872581274	0.009340020763884944
126700.96214394056	0.00932904326014135
129657.38083426522	0.009318144764738532
132683.59707580053	0.009307270801679016
135781.47497139696	0.009296420726687737
138952.9095729208	0.009285593924049616
142199.79985569336	0.009274789809687593
145524.1010499184	0.009264007833995313
148927.9288024847	0.009253247484972024
152413.43921528372	0.009242508291584033
155982.755167674	0.00923178982736206
159638.26732806608	0.009221091714242942
163382.22866583438	0.009210413626663142
167217.20233743894	0.00919975529590999
171145.7210185467	0.00918911651473475
175170.30105360405	0.009178497142229396
179293.80220548972	0.009167897108966136
183518.91056751073	0.009157316422395426
187848.41063308204	0.009146755172494234
192285.60590928124	0.009136213537651707
196833.1760512173	0.00912569179077402
201494.33818557125	0.009115230110022925
206272.6092850831	0.009104836063847275
211171.10371395692	0.009094464693627425
216193.22402068714	0.00908411536673112
221342.30403063097	0.009073787477730836
226622.2334044882	0.009063480451031941
232036.22520231502	0.009053193743705239
237588.02121490936	0.009042926848534413
243281.78877033174	0.009032679297288662
249121.0554623637	0.009022450664230313
255109.6556349119	0.00901224056986641
261251.72903393605	0.009002048684952368
267551.1291874003	0.00899187473475426
274011.9619505113	0.008981718503574716
280638.2879473736	0.008971579839545114
287434.3023776266	0.008961458659684115
294404.3740299279	0.008951354955219322
301552.3764584281	0.008941268797164987
308882.9723322374	0.008931200342144093
316400.32313017815	0.008921149838437841
324108.78705004556	0.008911129927579987
332013.0229795451	0.008901206637007079
340117.4038370647	0.008891304600170893
348426.2290411026	0.008881423184268784
356944.47159829113	0.008871561780784628
365676.50170984	0.008861719808440898
374627.1440863675	0.00885189671516074
383801.2139201783	0.008842091981348702
393203.34498222993	0.00883230512286152
402838.63448906696	0.008822535694308605
412712.02089723625	0.008812783292591322
422828.5300436542	0.008803047560690171
433193.4672306142	0.008793328191707887
443812.08044740814	0.00878362493317502
454689.6232519108	0.008773937591622717
465831.7553302737	0.008764266037425006
477243.9564832724	0.008754610209910122
488931.9218744412	0.00874497012273686
500901.71606768103	0.00873534586952784
513159.23582246614	0.00872573762974671
525710.8937019012	0.008716145674800627
538563.213102951	0.008706600191908737
551722.2893640604	0.008697136993523698
565194.9371947565	0.008687693415019147
578988.787406457	0.008678268835658767
593110.4911442298	0.008668862657644157
607567.5182500944	0.008659474308482107
622367.9858836789	0.008650103243546047
637519.3217491619	0.008640748948842873
653029.9603810252	0.00863141094399623
668908.6972137145	0.008622088785457147
685164.3452536738	0.008612782069952377
701805.9348347223	0.008603490438180138
718843.0782011076	0.008594213578761929
736286.2074222931	0.008584951232457675
754144.8554599374	0.008575703196649777
772430.1980726098	0.008566469330099299
791153.964143566	0.00855724955797485
810326.7813112452	0.008548043877151263
829962.043479723	0.00853885236177118
850071.318733528	0.008529675169057845
870668.9424056817	0.00852051254536182
891768.4334245966	0.00851136499723431
913384.8022584391	0.008502331179445419
935533.3988705555	0.008493315773042387
958229.8186526572	0.008484318158813278
981492.0938651074	0.008475337737946034
1.0053376269035118e6	0.008466373934149412
1.0297855865018847e6	0.008457426196131379
1.0548559582838155e6	0.008448493999952934
1.0805706754113394e6	0.008439576852403674
1.1069523615358935e6	0.008430674293198392
1.1340252080488065e6	0.008421785898715223
1.1618149145177589e6	0.008412911285351862
1.190350138865937e6	0.00840405011325219
1.2196596011257104e6	0.008395202090292963
1.2497766882167356e6	0.00838636697633783
1.2807349955643048e6	0.008377544587764067
1.3125724907680356e6	0.008368734802265007
1.3453294869534734e6	0.00835993756392823
1.3790499751451157e6	0.008351152888585935
1.413781377792124e6	0.008342380869429664
1.449574593047561e6	0.008333621682876437
1.4864879731699282e6	0.008324875594667425
1.5245814723333672e6	0.008316160382632245
1.5639205951421545e6	0.008307545343120289
1.6045775043362493e6	0.008298947301408274
1.6464334755981336e6	0.008290365649654137
1.6951376927401377e6	0.00828179979894645
1.7417349443562157e6	0.008273249181409289
1.7898164062735068e6	0.008264713252489394
1.8398623222625821e6	0.008256191493437271
1.8926738237574177e6	0.008247683413993897
1.9472274843849705e6	0.008239188555294754
2.0036127867989487e6	0.008230706493002681
2.0631341572449314e6	0.008222236840680618
2.1246653971249224e6	0.008213779253414695
2.188227490566186e6	0.008205333431697086
2.2538926784184845e6	0.008196899125576763
2.3216853987566675e6	0.008188476139084475
2.3914655019097053e6	0.008180064334936057
2.4626492912232205e6	0.008171663639515365
2.53780758030001e6	0.008163274048134616
2.614956709835887e6	0.008154895630565826
2.6921914976851856e6	0.00814652853683202
2.7679726468274193e6	0.00813817300324108
2.8485173896419466e6	0.008129829358644798
2.925641387083812e6	0.008121585899746472
3.005404855586236e6	0.008113377749197776
3.0855742435582946e6	0.008105184995027706
3.166260836140495e6	0.008097007048367466
3.24861003978322e6	0.008088843338787136
3.333031780723141e6	0.008080693316395673
3.419908897362993e6	0.008072556454042167
3.50912716575444e6	0.008064432250103141
3.6004264908642694e6	0.008056320230739385
3.693570629542642e6	0.008048219953076379
3.788700585943291e6	0.008040131008280145
3.88606434132334e6	0.008032053024940953
3.9857990073766545e6	0.008023985672710916
4.0887309807552877e6	0.008015928666205166
4.196537954958515e6	0.008007881769174824
4.302336449511552e6	0.007999844798958166
4.410680632375022e6	0.007991817631214022
4.521608718893537e6	0.007983800204938498
4.634836576071869e6	0.00797579252776241
4.75062527190562e6	0.007967794681522563
4.869083808709336e6	0.007959806828094622
4.990408098305635e6	0.007951829215469369
5.114709503822208e6	0.007943862184046874
5.241902525657777e6	0.007936010562065282
5.371221028606415e6	0.007928181803168507
5.5037990135779865e6	0.007920367257769189
5.639529209918961e6	0.007912566345819015
5.778352034995552e6	0.007904778504142963
5.92017614383965e6	0.007897003188436934
6.065430445166864e6	0.007889239875445042
6.214682748666624e6	0.007881488065328651
6.366719263932062e6	0.007873747284239369
6.522295180258577e6	0.007866017087108348
6.681762721990915e6	0.007858297060664108
6.844944814913416e6	0.007850586826690792
7.011995534449741e6	0.007842886045538242
7.1830973074891195e6	0.007835194419894368
7.358494628178467e6	0.007827511698829072
7.538054297448135e6	0.007819837682117336
7.721808373583026e6	0.0078121722248468625
7.909583687954188e6	0.007804515242312957
8.101455293755478e6	0.0077968667151998945
8.2979149083945295e6	0.007789226695043852
8.49868604448181e6	0.007781595309967487
8.704549588750968e6	0.007773972770676676
8.915259784644607e6	0.0077663593766614985
9.130493435897479e6	0.0077588125859785854
9.350632927868318e6	0.007751338332994378
9.575875188309522e6	0.007743877514446576
9.806416706932954e6	0.007736429551223356
1.0042358736424977e7	0.007728993878587106
1.0283837755005559e7	0.00772156994797813
1.0530992403420754e7	0.00771415722889994
1.078401276982348e7	0.00770675521139504
1.1043107989760831e7	0.0076993634079313145
1.1308530918938119e7	0.007691981356242596
1.1580253144528028e7	0.007684608622026922
1.1858392844659995e7	0.007677244801944618
1.2143503914575003e7	0.007669889526859068
1.2435603583463155e7	0.00766254246533188
1.27337246011424e7	0.007655203327383389
1.3039037627639765e7	0.0076478718685280824
1.335169960248626e7	0.0076405478940929404
1.3671763190186668e7	0.007633231263824412
1.399899051692663e7	0.007625921896786955
1.4333702375909232e7	0.007618619776552563
1.4676215736432286e7	0.007611324956676387
1.5027119499150006e7	0.007604037566448458
1.5386211100276954e7	0.007596757816905316
1.5753654650732232e7	0.0075894860070782845
1.6129669127957504e7	0.007582282171683429
1.6514430046534356e7	0.007575152410400389
1.6908127152850512e7	0.0075680351221547185
1.7312301988902654e7	0.007560929735718041
1.7726691694285993e7	0.0075538356926204715
1.815089871065537e7	0.007546752448836217
1.8585143581252463e7	0.007539679476631011
1.9029663177360106e7	0.007532616266583357
1.948468615194748e7	0.007525562329791957
1.9950446453250796e7	0.00751851720028212
2.0427190718171727e7	0.007511480437624037
2.0915168072669026e7	0.007504451629776001
2.1414628183668587e7	0.007497430396165401
2.1925832829113368e7	0.007490416391020036
2.244904869818369e7	0.0074834093069615784
2.298453765591453e7	0.007476408878872032
2.353258449138318e7	0.007469414888042591
2.409346834787116e7	0.007462427166612358
2.4667479370946366e7	0.007455445602301904
2.5254909311411146e7	0.007448470143443446
2.5856066927541953e7	0.007441500804305515
2.6471254719078336e7	0.00743453767070518
2.710079500850498e7	0.007427580905895167
2.7745006656247213e7	0.0074206307567064025
2.8404225217637543e7	0.007413687559950888
2.9078785801027298e7	0.007406869096165878
2.976904494729513e7	0.007400073151337796
3.0475352021665428e7	0.0073932885489712856
3.1198072344596814e7	0.007386514730460718
3.193757681334842e7	0.0073797511490560795
3.2694255395894572e7	0.007372997271277672
3.346849266630681e7	0.0073662525795319045
3.426069494107593e7	0.007359516572906748
3.507127093247095e7	0.007352788770067111
3.5900637792156644e7	0.007346068711424945
3.674923522196048e7	0.007339355961699039
3.76174994796318e7	0.007332650112699419
3.850587806053882e7	0.0073259507863496914
3.9414846240486875e7	0.007319257637960374
4.034486743670771e7	0.0073125703597656366
4.129643407939291e7	0.007305888684734976
4.22700381931903e7	0.007299212390669949
4.3266198925390474e7	0.0072925413045942305
4.428542952332035e7	0.007285875307442827
4.532826444256912e7	0.007279214339053138
4.6395255015104756e7	0.007272558403456653
4.748696170692677e7	0.007265907574465291
4.860395898779083e7	0.007259262001540657
4.974682723073778e7	0.007252621915927591
5.0916179850646235e7	0.007245987637025464
5.211262064907666e7	0.007239460164446386
5.333678899827563e7	0.0072329759773055525
5.458933040939428e7	0.007226502403889631
5.587089774860069e7	0.007220038891631053
5.718216971039177e7	0.007213584898048446
5.852384425443955e7	0.00720713989223791
5.989662840139874e7	0.0072007033565156964
6.1301244693295255e7	0.007194274788224066
6.273844248317022e7	0.0071878537017129075
6.420897300254573e7	0.00718143963051018
6.571361849498235e7	0.0071750321296946175
6.7253177587626e7	0.007168630778484418
6.882845836914738e7	0.007162235183055749
7.044030326500617e7	0.007155844979604832
7.208956514061958e7	0.007149459837667007
7.377710776464717e7	0.007143079463705571
7.5503830927799e7	0.00713670360498211
7.727065714386739e7	0.007130332053718605
7.907851054642017e7	0.007123964651559568
8.092836462656265e7	0.007117601294339802
8.282118583190449e7	0.007111241937160018
8.475798094199738e7	0.007104886599768331
8.673978301267055e7	0.007098535372240503
8.876763615939142e7	0.007092188420945566
9.084262429998407e7	0.007085845994534255
9.296584904324804e7	0.0070795084312827595
9.513842558142227e7	0.007073314662058722
9.73615163620648e7	0.00706713226378355
9.963630656588362e7	0.007060959591998283
1.01963999753858e8	0.007054796104071606
1.043458275803747e8	0.007048641266318334
1.0678307151271567e8	0.007042494555408554
1.0927701716010132e8	0.007036355459923525
1.1182900724383113e8	0.007030223482070366
1.1444039160711974e8	0.007024098139568176
1.171125630130422e8	0.007017978967718788
1.1984696427755676e8	0.0070118655216758205
1.2264503920856434e8	0.007005757378926067
1.2550830030575205e8	0.006999654141997501
1.284382757702875e8	0.006993555441408161
1.3143654419466738e8	0.0069874609388700685
1.3450472473193258e8	0.006981370330761743
1.3764446935743505e8	0.006975283351882105
1.4085748033123165e8	0.006969199779497222
1.441454827341681e8	0.006963119437689565
1.4751028334469056e8	0.006957042202016998
1.5095370128801617e8	0.00695096800448558
1.5447761738145998e8	0.006944896838836312
1.5808395888829437e8	0.006938828766140958
1.6177470282939798e8	0.006932763920696201
1.6555189531502742e8	0.006926702516198134
1.6941758972899508e8	0.006920644852170726
1.7337396041174784e8	0.006914680128050855
1.7741032274032757e8	0.006908779826611872
1.815353253287647e8	0.006902888758711542
1.857571641391504e8	0.006897006387073992
1.9007820148367378e8	0.006891132181496327
1.945008554531334e8	0.00688526562010102
1.9902761608408114e8	0.006879406190710403
2.0366102817076278e8	0.006873553392373764
2.0840370927969125e8	0.0068677067370522624
2.132583451005394e8	0.00686186575147572
2.182276837533541e8	0.0068560299791848075
2.2331455180216765e8	0.006850198982772718
2.285218448588195e8	0.00684437234634078
2.3385253282297793e8	0.006838549678182786
2.3930966025445756e8	0.006832730613712866
2.44896358475814e8	0.0068269148186516065
2.5061581890187714e8	0.006821101992484655
2.5647134621558732e8	0.006815291871948314
2.6246630443226692e8	0.006809484236008275
2.6860415566741145e8	0.006803678908919854
2.7488844922482705e8	0.006797875765692123
2.813228329985997e8	0.006792074736889333
2.8791103531260943e8	0.00678627581393995
2.946569022117162e8	0.00678047905476272
3.015643780190763e8	0.006774684589699175
3.08637509099653e8	0.006768892627734554
3.1588043916736174e8	0.0067631034629804096
3.232974363079711e8	0.006757408925264163
3.308929078670551e8	0.006751781509566369
3.386713201167785e8	0.006746162685844422
3.4663731351425266e8	0.006740551925381166
3.5479563588888896e8	0.006734948705223361
3.6315116689638746e8	0.006729352509315121
3.717089085324994e8	0.0067237628297587854
3.804740080694286e8	0.006718179168214577
3.894517516720254e8	0.0067126010374511744
3.9864755141244555e8	0.006707027963059999
4.080669703757632e8	0.0067014594853467046
4.1771570927341694e8	0.006695895161414014
4.275996316730054e8	0.006690334567450538
4.3772472077136934e8	0.006684777301240663
4.4809711934909236e8	0.006679222984910883
4.587231351319456e8	0.006673671267928023
4.696092004246976e8	0.006668121830364256
4.8076175033565223e8	0.006662574386444344
4.921944044953909e8	0.006657028688387932
5.039009153011416e8	0.006651484530559842
5.158947476770414e8	0.006645941753938425
5.2818304300113976e8	0.00664040025091057
5.407731779707656e8	0.006634859970391887
5.536726763528217e8	0.006629320923284222
5.668890510888175e8	0.0066237831882487086
5.804392146503329e8	0.006618246917792494
5.943128681581042e8	0.006612712344643932
6.085274947932562e8	0.006607179788386243
6.230910386832898e8	0.006601800601293402
6.380214626622319e8	0.006596436621871626
6.533088973456018e8	0.006591080458205429
6.689701752981957e8	0.006585731591862818
6.850259947079524e8	0.006580389509283108
7.014628133056842e8	0.006575053702843594
7.183131139375236e8	0.0065697236722378404
7.355620522556962e8	0.006564398924842359
7.532437825295758e8	0.0065590789791402145
7.713463694743382e8	0.006553763364368787
7.898937375731562e8	0.006548451623334089
8.088954576697639e8	0.006543143314199591
8.283568530724367e8	0.0065378380126829005
8.482881928804215e8	0.0065325353144708095
8.687003928635759e8	0.006527234837868624
8.896051195181303e8	0.006521936226699804
9.108590402566396e8	0.0065166391534719394
9.325735373632287e8	0.006511343322824711
9.548043474100556e8	0.006506048475274701
9.775616324278281e8	0.006500754391270728
1.0008674779280947e9	0.006495460895571503
1.0247212906039457e9	0.006490167861954951
1.0491412854248297e9	0.0064848752182651405
1.0741427517027454e9	0.006479582951798543
1.0997377116227176e9	0.00647429111502588
1.125931283531655e9	0.006468999831639282
1.1527481131019297e9	0.006463709302906381
1.180194577758072e9	0.0064584198143035135
1.208291806206616e9	0.00645323723774655
1.2370536644095244e9	0.006448119498308131
1.2664878033747625e9	0.006443009189867246
1.296618127457849e9	0.006437905801665413
1.3274635082601476e9	0.0064328088263342735
1.3590402505282202e9	0.006427717760821196
1.3913348840693793e9	0.0064226321074275245
1.424384542685213e9	0.006417551374970063
1.4582073052991698e9	0.0064124750800774654
1.4928253737607522e9	0.006407402748633895
1.5282591859013698e9	0.006402333917383223
1.5645218063855622e9	0.006397268135707759
1.601636809284125e9	0.006392204967596315
1.6396224854767456e9	0.0063871439938170595
1.6784993670773892e9	0.006382084814311238
1.7182898032079775e9	0.00637702705082426
1.7590127233110461e9	0.006371970349790942
1.800691694900116e9	0.006366914385491674
1.8432649015903337e9	0.006361858863495997
1.8867932803344805e9	0.006356803524409356
1.93134335343312e9	0.006351748147937586
1.976935295170965e9	0.006346692557281877
2.0235963231736193e9	0.006341636623874442
2.0713509204344444e9	0.0063365802724617
2.1202256980754714e9	0.006331523486537405
2.170249518009357e9	0.006326466314122574
2.221449085090538e9	0.006321408873616053
2.2738481166795588e9	0.006316351361195091
2.32744152230884e9	0.006311294056208033
2.3822963162954144e9	0.006306349734572411
2.438422254753597e9	0.006301469626654055
2.494541548578604e9	0.006296596440046825
2.5530310078292146e9	0.0062917296732266014
2.612884912937367e9	0.0062868688269654025
2.6731412382306e9	0.006282013405156965
2.735848956312089e9	0.0062771629157471805
2.8000510928053656e9	0.006272316871779827
2.8658061013959312e9	0.006267474792568863
2.9333266966213727e9	0.006262636205009387
3.0016247929830055e9	0.00625780064504026
3.07137977106683e9	0.006252967659272239
3.143244861120837e9	0.006248136806796327
3.2163370247056065e9	0.006243307661187831
3.291133653030645e9	0.006238479812722398
3.3676728641215715e9	0.006233652870820879
3.4460022843311033e9	0.00622882646674038
3.5261578233081603e9	0.006224000256529096
3.6081877894501e9	0.0062191739242625525
3.692134920900176e9	0.006214347185578488
3.778043535541463e9	0.0062095197915268295
3.8659614136073527e9	0.006204691532749867
3.955929523889079e9	0.006199862244005716
4.0479976185124726e9	0.00619503180904536
4.142217611058678e9	0.00619020016584979
4.2386352043846145e9	0.006185367312228897
4.337304254589189e9	0.006180533311777657
4.43827876551561e9	0.006175698300177521
4.54160855244151e9	0.006170862491821757
4.647346487949319e9	0.006166026186732523
4.755554326467724e9	0.006161365468637446
4.866283157918885e9	0.006156714299489967
4.979595811823743e9	0.006152069431196421
5.095551918853122e9	0.006147430371976945
5.21421128207212e9	0.006142796631561396
5.335635424276245e9	0.0061381677218525724
5.459892123430015e9	0.006133543157913223
5.587047063482478e9	0.006128922458855439
5.717164297704507e9	0.0061243051489490346
5.850319264407053e9	0.006119690758845442
5.986573602423411e9	0.00611507882694833
6.126002003079929e9	0.006110468900664961
6.268685056659226e9	0.006105860539126079
6.414688783707803e9	0.006101253313685099
6.564095339373085e9	0.0060966468108881195
6.716985263066201e9	0.006092040634601745
6.873439874713064e9	0.006087434408585907
7.03353635980711e9	0.0060828277793279805
7.197365710898939e9	0.006078220419156789
7.365013358837442e9	0.0060736120296549685
7.536559899608837e9	0.006069002345387607
7.712114953057451e9	0.00606439113796404
7.89175402025491e9	0.00605977822044798
8.07557855402578e9	0.006055163452128672
8.2636889811474285e9	0.006050546743662372
8.456174742313543e9	0.006045928062588953
8.653151036879343e9	0.0060413074392226245
8.854714329116974e9	0.006036684972908545
9.060975268968603e9	0.006032060838628172
9.272037791868193e9	0.0060274352939254745
9.48802442096771e9	0.006022919803911238
9.709037149296268e9	0.006018482676115417
9.935198577131989e9	0.006014051614660466
1.0166630618781359e10	0.006009626137063693
1.0403451729173439e10	0.006005205761095254
1.0645791771764853e10	0.006000790005405591
1.0893778706959948e10	0.005996378390241651
1.1147544043258766e10	0.005991970438261339
1.1407215329029535e10	0.005987565675456594
1.1672936815377405e10	0.00598316363219636
1.194484854014721e10	0.005978763844401657
1.2223095341266592e10	0.005974365854865943
1.250782724326105e10	0.005969969214734942
1.2799181768048437e10	0.00596557348516112
1.3097334840852816e10	0.005961178239148983
1.3402426733162102e10	0.005956783063608293
1.3714631187117731e10	0.0059523875616331766
1.4034105634734735e10	0.005947991355025856
1.4361028897975933e10	0.005943594087084286
1.4695563067206303e10	0.005939195425673324
1.5037883428244791e10	0.005934795066599073
1.5388189455387587e10	0.005930392737305663
1.5746644027435404e10	0.005925988200912803
1.6113463832816563e10	0.005921581260610883
1.6488805178792738e10	0.005917171764428063
1.687291059451762e10	0.005912759610507169
1.7265953407661495e10	0.00590834475219132
1.7668162646861973e10	0.005903927204205882
1.807972521962333e10	0.005899507049929483
1.8500892210409874e10	0.0058950844463264
1.8931853996491966e10	0.005890659632106715
1.9372860373079094e10	0.005886328303662223
1.982415285953268e10	0.0058820973648848794
2.0285935365697735e10	0.005877872155425668
2.0758498410286476e10	0.005873652202794009
2.124205973868552e10	0.005869437033802075
2.1736885943427402e10	0.005865226175093568
2.2243231987426014e10	0.00586101915375262
2.276138669193927e10	0.005856815498001731
2.3291601661556355e10	0.005852614737998554
2.3834162775163395e10	0.005848416406742207
2.4389367606362316e10	0.0058442200411007615
2.4957505541776978e10	0.005840025182972557
2.553888309626326e10	0.005835831380595051
2.613380298172158e10	0.005831638190015946
2.6742581097866547e10	0.005827445176742483
2.7365538694779835e10	0.005823251917585747
2.80030069016494e10	0.005819058002718054
2.8655336349514973e10	0.005814863037962206
2.9322847837854412e10	0.0058106666473324515
3.0005899703063663e10	0.005806468475847533
3.0704891081177704e10	0.005802268192636654
3.1420140675902653e10	0.005798065494359277
3.215206603856614e10	0.005793860108959313
3.2901034483933353e10	0.005789651799773371
3.3667458362444115e10	0.005785440370011128
3.445172529551323e10	0.005781225667623455
3.525425126365145e10	0.005777007590570414
3.6075497130609245e10	0.005772786092496599
3.691585662232157e10	0.005768561188815053
3.77758090512879e10	0.005764332963193216
3.8655779750278046e10	0.005760101574424589
3.955624107712817e10	0.005755867263657924
4.047768873325074e10	0.0057517610963216175
4.142061786328119e10	0.005747728555737475
4.238549257895192e10	0.005743701318803717
4.337284726145558e10	0.005739678922955901
4.4383210303756355e10	0.005735660904174108
4.54170838023558e10	0.00573164679743651
4.647507382440944e10	0.005727636137246698
4.755769676474086e10	0.005723628458237868
4.866553037225481e10	0.005719623295897202
4.979918549999917e10	0.005715620187332441
5.095923695626101e10	0.005711618672214935
5.2146302398097145e10	0.005707618293814681
5.336104395271933e10	0.005703618600181603
5.460404443006732e10	0.00569961914548038
5.587606197530667e10	0.005695619491494531
5.717767339196605e10	0.0056916192093166085
5.850961409691606e10	0.005687617881242562
5.987256554640094e10	0.005683615102889425
6.126725284792207e10	0.005679610485556538
6.26944987304009e10	0.005675603658851439
6.415491955272558e10	0.005671594273602249
6.564943491010396e10	0.005667582005078833
6.717867172644785e10	0.005663566556545096
6.874359789448901e10	0.005659547663164313
7.034491132163951e10	0.0056555250962784165
7.19836144068296e10	0.005651498668080271
7.366047179630237e10	0.005647468236695254
7.537637622422343e10	0.005643433711684414
7.713222946782921e10	0.00563939505997624
7.892898659805545e10	0.005635352312226966
8.07676237746826e10	0.0056313055696005235
8.26490904470763e10	0.0056272550109481775
8.457437497384662e10	0.005623211665671294
8.654451379935664e10	0.005619364500130347
8.856050051051292e10	0.005615522588772058
9.062348351378421e10	0.005611685479863814
9.273457079103152e10	0.005607852720822665
9.489478382337622e10	0.005604023856136416
9.710532273457957e10	0.005600198428817455
9.936740516729657e10	0.005596375980654545
1.0168210035714226e11	0.005592556052756331
1.0405077924788248e11	0.005588738186180991
1.064746503699571e11	0.005584921922662797
1.0895488389559566e11	0.0055811068054466935
1.114929637186928e11	0.005577292380243066
1.1409022633946013e11	0.0055734781963160665
1.1674788754229105e11	0.005569663807719963
1.194675067126752e11	0.005565848774699312
1.2225042550364362e11	0.0055620326652699795
1.2509822207906125e11	0.005558215056999343
1.2801238410542932e11	0.0055543955390052755
1.3099437822742166e11	0.0055505737141947585
1.3404584318626903e11	0.005546749201764047
1.3716847960716937e11	0.005542921639983331
1.4036383905772772e11	0.005539090688905943
1.4363354018861652e11	0.005535256035185278
1.4697940256060367e11	0.0055314173939311016
1.50403273314903e11	0.005527574514061474
1.5390691180158728e11	0.00552372718258491
1.5749208586124347e11	0.005519875229582331
1.6116088268350055e11	0.0055160185336261556
1.6491506833995453e11	0.005512157027647873
1.6875674735588736e11	0.0055082907052589735
1.7268777336714694e11	0.005504419627521677
1.767105932415362e11	0.005500543930155263
1.8082701130957172e11	0.005496663831150629
1.8503923880310596e11	0.005492926389995595
1.8934979445417657e11	0.005489262658758253
1.937607318746077e11	0.005485603609002928
1.9827417004575293e11	0.0054819487988508175
2.0289303332536865e11	0.005478297783501544
2.0761928949833447e11	0.005474650115526039
2.124558500663641e11	0.005471005345218369
2.1740489097020615e11	0.005467363021013918
2.2246941713031802e11	0.0054637226899822205
2.2765171046720914e11	0.005460083898403456
2.3295475608853693e11	0.005456446192438944
2.383815025002814e11	0.005452809118906501
2.4393445814573102e11	0.005449172226173128
2.4961681482738934e11	0.005445535065178415
2.5543161928447873e11	0.005441897190603411
2.6138184855151544e11	0.005438258162201024
2.674707974210898e11	0.0054346175463054125
2.7370141606382806e11	0.005430974917539227
2.800772475709699e11	0.005427329860738993
2.866015708996338e11	0.005423681973120311
2.9327789114676404e11	0.005420030866705876
3.001097488617721e11	0.005416376171055009
3.071007242996944e11	0.005412717536239895
3.1425458648943896e11	0.005409054636279363
3.2157499342734015e11	0.0054053871728262206
3.290660637234901e11	0.005401714879295597
3.367315703685689e11	0.0053980375253979826
3.445757050972917e11	0.005394354922109235
3.526025363359026e11	0.005390666927097008
3.6081631991155804e11	0.005386973450618523
3.692214486916472e11	0.005383274461410184
3.77822426811058e11	0.0053795699953049945
3.866239645457301e11	0.005375860160142474
3.956300289681446e11	0.0053721451450314105
4.0484637667653394e11	0.005368539633400953
4.142769010455011e11	0.005365047128374459
4.2392746304383264e11	0.005361559113387374
4.33802670912376e11	0.005358075157841729
4.439083432573596e11	0.005354594827546003
4.5424884996249084e11	0.0053511176849252865
4.648307188697531e11	0.0053476432892820445
4.7565862781337054e11	0.005344171197114172
4.8673900928831036e11	0.005340700962497842
4.9807768539407544e11	0.005337232137543464
5.0968010674180457e11	0.005333764272934019
5.215533532504357e11	0.0053302969185560515
5.3370262233711896e11	0.005326829624234706
5.4613511810140845e11	0.005323361940585351
5.588572230698721e11	0.005319893419995683
5.718756177283147e11	0.005316423617753494
5.851976900056006e11	0.005312952093336776
5.988297547246055e11	0.005309478411884328
6.127793677200725e11	0.005306002145866599
6.270537439824907e11	0.005302522876978054
6.41660604610412e11	0.005299040198273963
6.56607995609198e11	0.005295553716575986
6.719038831023971e11	0.005292063055172324
6.875553279905317e11	0.005288567856839414
7.035719459489445e11	0.005285067787213005
7.199618074812009e11	0.005281562538536963
7.367331456470372e11	0.005278051833818005
7.538950899177502e11	0.0052745354314137185
7.714570808055171e11	0.005271013130079415
7.894280642388329e11	0.005267484774496243
8.078176017978768e11	0.005263950261294779
8.266360317876008e11	0.005260409545606025
8.458917504044784e11	0.005256862648094979
8.655966750996455e11	0.005253309662527976
8.857607256267003e11	0.005249750763809286
9.063947418539137e11	0.005246310268663729
9.275089269066863e11	0.0052429821898124195
9.491148127466436e11	0.005239658352413405
9.712245108639755e11	0.005236338336725392
9.938491467220323e11	0.00523302171885142
1.0170003770406086e12	0.005229708070881015
1.0406914103697013e12	0.005226396961076034
1.0649338137481917e12	0.0052230879544011505
1.0897412085160671e12	0.005219780611342149
1.1151269709491802e12	0.005216474491210594
1.141103042033791e12	0.005213169149625294
1.16768580074852e12	0.005209864140498545
1.194886316483886e12	0.005206559016346735
1.2227213068410977e12	0.005203253329000767
1.2512040295002263e12	0.005199946630434603
1.2803505366441128e12	0.005196638473726453
1.3101762662592915e12	0.005193328414168573
1.3406964639059792e12	0.00519001601054327
1.3719278135605544e12	0.005186700826584312
1.4038866888044465e12	0.005183382432644749
1.4365904644446345e12	0.005180060407593827
1.4700549872442935e12	0.005176734340967527
1.5042996099184182e12	0.00517340383539894
1.5393427584729153e12	0.005170068509356311
1.5752010260191497e12	0.0051667280002180025
1.6118952479638381e12	0.005163381967714733
1.6494436961296409e12	0.00516003009777012
1.687867592349925e12	0.005156672106770596
1.7271860042767202e12	0.005153307746295024
1.767420245079511e12	0.00514993680833252
1.808592009556334e12	0.005146559131013811
1.850723101708359e12	0.005143174604876652
1.8938358149521794e12	0.00513978317967888
1.9379524571649775e12	0.005136384871763409
1.9830960268488398e12	0.0051329797719671475
2.0292924008720825e12	0.005129568054050299
2.0765633888943687e12	0.005126326475276874
2.1249373150562195e12	0.005123156155718779
2.1744365040680059e12	0.005119989784114223
2.22509004287952e12	0.005116826950938967
2.2769239540078687e12	0.00511366724201786
2.3299644723361978e12	0.005110510238616363
2.3842404623385156e12	0.005107355517557866
2.439780807117583e12	0.005104202651390559
2.4966142794828223e12	0.0051010512086031475
2.5547728347075205e12	0.005097900753897678
2.614285743521651e12	0.005094750848527489
2.675185699342157e12	0.00509160105070927
2.737503714540504e12	0.005088450916119266
2.8012726254366177e12	0.005085299998484881
2.866528192816602e12	0.005082147850284193
2.933304227821418e12	0.005078994023567315
3.0016356081096074e12	0.005075838070915073
3.0715572785910283e12	0.005072679546552099
3.143108095299304e12	0.005069518007633205
3.2163249421470747e12	0.005066353015723766
3.2912496790755835e12	0.0050631841384967706
3.367919742354036e12	0.005060010951671208
3.446374291557111e12	0.005056833040636652
3.5266567421592544e12	0.00505365000507532
3.6088101811305195e12	0.005050461458854028
3.692876878893944e12	0.00504726703503692
3.778901179218596e12	0.005044066389038746
3.8669305232692036e12	0.005040859202632628
3.9570109364305835e12	0.005037645188419128
4.049189202320965e12	0.005034424094790315
4.143512684340388e12	0.0050311957114205575
4.240036159415145e12	0.005027959875312281
4.338806707513546e12	0.0050247164774195425
4.439877969688959e12	0.005021465469864442
4.543304106855036e12	0.005018206873750815
4.649139001497914e12	0.00501494078756566
4.757439796862082e12	0.005011683116224865
4.868263316627294e12	0.005008659998487886
4.981667791794344e12	0.00500564089669117
5.097716029668215e12	0.005002625415859295
5.216467155305408e12	0.00499961315591602
5.337983374274233e12	0.0049966037116891925
5.462330446067452e12	0.004993596672943882
5.589574281822474e12	0.00499059162444861
5.719779661245075e12	0.004987588146079857
5.8530243307529375e12	0.004984585812970936
5.98936900804463e12	0.004981584195710931
6.128888413093952e12	0.0049785828606035455
6.27166007996326e12	0.004975581369991448
6.417758814581833e12	0.0049725792826577474
6.5672578240925e12	0.0049695761543145645
6.720240419191478e12	0.004966571538190858
6.876787104190745e12	0.0049635649857329815
7.036984734875237e12	0.004960556047433038
7.200909085700267e12	0.004957544273801759
7.368648257423568e12	0.00495452921650453
7.540298761129009e12	0.004951510429681111
7.715952946315126e12	0.00494848747147177
7.895689735894428e12	0.00494545990577466
8.079617521751863e12	0.004942427304261632
8.267835396346765e12	0.004939389248681926
8.460433139836034e12	0.004936345333485479
8.657517076018076e12	0.004933295168799703
8.859191158983684e12	0.0049302383837955726
9.065563766905762e12	0.004927174630480318
9.276746341279957e12	0.0049241035877718616
9.49284330053416e12	0.0049210249669169575
9.713978813015729e12	0.004917938515891842
9.940264549186787e12	0.004914844025835174
1.0171817521206842e13	0.004911741337404633
1.040877099686559e13	0.004908630347895044
1.065123673915479e13	0.004905511019004558
1.0899359179173713e13	0.0049023833852519065
1.1153252179909652e13	0.0048992475630311215
1.1413069906794805e13	0.004896245458314798
1.1678928706641727e13	0.0048933675039940505
1.1950995420927617e13	0.004890493206645404
1.2229388594629076e13	0.004887622180308869
1.2514271304174746e13	0.004884754033539861
1.2805785856323e13	0.004881888369371585
1.3104095359014758e13	0.004879024785301806
1.340934930823124e13	0.004876162873308256
1.3721718103625764e13	0.004873302219897569
1.4041362146127895e13	0.004870442406193261
1.436845226502689e13	0.004867583008069073
1.4703163694427771e13	0.004864723596334796
1.5045668657299826e13	0.004861863736982691
1.539615618928433e13	0.004859002991503654
1.5754804152278416e13	0.004856140917283479
1.6121811402460188e13	0.004853277068090877
1.6497363565906035e13	0.004850410994670389
1.6881663603091424e13	0.004847542245454942
1.7274920724621379e13	0.004844670367414565
1.767734443520234e13	0.004841794907059729
1.8089121316051484e13	0.004838915411625911
1.8510507007223273e13	0.004836031430429253
1.8941710041030246e13	0.004833142516494488
1.9382942242151332e13	0.00483024822838888
1.983446854007115e13	0.004827348132358522
2.0296515526526574e13	0.004824441804775303
2.0769303953137754e13	0.004821528834934162
2.125312673305441e13	0.004818608828238839
2.174821343494938e13	0.004815681409816578
2.2254824623107273e13	0.0048127462286040035
2.2773245645107387e13	0.0048098029619474845
2.3303751922636273e13	0.004806851320761478
2.3846615898184605e13	0.004803891054601925
2.440209662737809e13	0.004800921960523499
2.497054725695115e13	0.0047979438867817555
2.555223333024722e13	0.004794956742676522
2.614746645288513e13	0.004791960506556966
2.6756551022032836e13	0.004788955235022868
2.7379837186144277e13	0.00478597363751328
2.8017660089934984e13	0.004783230927074129
2.867032489253593e13	0.004780491874207675
2.9338171018754688e13	0.004777756106910831
3.0021602203444527e13	0.004775023247414829
3.072094644181376e13	0.004772292912088388
3.1436600572763164e13	0.004769564711360023
3.216891051463033e13	0.004766838249660946
3.291827977238783e13	0.004764113125392537
3.3685073650179285e13	0.00476138893092292
3.4469768750850332e13	0.004758665252617875
3.52727310341268e13	0.004755941670912001
3.6094402367993125e13	0.004753217760426973
3.693521036704381e13	0.004750493090144593
3.77956225802926e13	0.004747767223643478
3.8676071445676484e13	0.004745039719409429
3.9576989790279766e13	0.004742310131230598
4.049892478176092e13	0.0047395780086908765
4.144233751519493e13	0.004736842897775347
4.240772523507775e13	0.0047341043416046615
4.339560224419106e13	0.004731361881316595
4.440649741099173e13	0.004728615057115478
4.544094862688267e13	0.004725863409512597
4.649947912242222e13	0.004723106480789775
4.758267819639965e13	0.004720343816679331
4.869110687880602e13	0.004717574968373549
4.9825312282345555e13	0.004714799494797027
5.098598697534442e13	0.00471201696525073
5.217369009662739e13	0.0047092269624418575
5.338906642081784e13	0.004706429085947468
5.4632753218233664e13	0.004703622956158245
5.5905406156243984e13	0.0047008082187507665
5.720771306033047e13	0.004697984549737851
5.854034560602544e13	0.004695151661146546
5.9904007821286266e13	0.004692309306745894
6.1299445000577336e13	0.004689457291364146
6.2727403304053586e13	0.0046865954756445585
6.418862362635344e13	0.004683723786547716
6.568387864141902e13	0.004680842226322125
6.721397024036939e13	0.004677950882702983
6.877969836006802e13	0.004675279259045942
7.038191403790198e13	0.004672669716949754
7.202144227628611e13	0.004670063449756845
7.369915017542127e13	0.004667460093227903
7.541594953937544e13	0.004664859277011566
7.7172748557867e13	0.004662260624513647
7.897045427265762e13	0.0046596637527802276
8.081002450774073e13	0.004657068272397679
8.269246862183338e13	0.004654473787413313
8.4618778927795e13	0.004651879895280892
8.65899441399746e13	0.004649286186835906
8.860701370354927e13	0.004646692246306235
9.067115488750912e13	0.00464409765136468
9.278331877681114e13	0.004641501973230779
9.494464378503825e13	0.004638904776830349
9.715635809411392e13	0.00463630562102262
9.941955935974116e13	0.0046337040589058505
1.0173550381412938e14	0.004631099638214205
1.0410541275145323e14	0.004628491901820204
1.0653050626067403e14	0.00462588038835906
1.0901208943540838e14	0.00462326463299337
1.1155145854813173e14	0.004620644168339007
1.1415000575959195e14	0.004618018525575703
1.1680910973814922e14	0.004615387235768663
1.1953020438877575e14	0.004612749831430681
1.2231462707781605e14	0.004610105848357577
1.2516387307279947e14	0.00460745482777326
1.2807950569123422e14	0.004604796318824446
1.3106305976477998e14	0.0046021298814687564
1.3411615712132928e14	0.004599455089803599
1.3724027326937927e14	0.00459677153588673
1.4043725582645208e14	0.004594078834102374
1.4370879866623466e14	0.0045913766261291246
1.4705642416616834e14	0.004588664586567064
1.5048200434293316e14	0.004585942429281184
1.5398742410354347e14	0.0045832099145157335
1.5757451868764716e14	0.00458046685682878
1.6124508061390147e14	0.004577713133887285
1.6500139178820503e14	0.004574948695553929
1.6884500170638388e14	0.004572173576611441
1.7277811024909866e14	0.0045695485531098015
1.7680295618978047e14	0.004567062976238386
1.8092148493922166e14	0.004564580647409809
1.851359876379403e14	0.004562101216328962
1.8944876471310822e14	0.004559624325832278
1.9386185423310556e14	0.004557149612291716
1.9837778352005662e14	0.0045546767054486315
2.0299889866231938e14	0.0045522052282579665
2.0772763216440106e14	0.004549734796745645
2.1256668918695734e14	0.004547265019882473
2.1751832784124025e14	0.00454479549947847
2.2258528633755922e14	0.004542325830102165
2.2777029767777278e14	0.004539855599029963
2.3307607319552656e14	0.004537384386231792
2.3850563370904703e14	0.004534911764401022
2.4406150524036262e14	0.004532437299036457
2.4974676938026794e14	0.004529960548585636
2.555644969647614e14	0.004527481064660237
2.6151793885602488e14	0.0045249983923360245
2.6760983569244972e14	0.0045225120705515345
2.7384367649182922e14	0.004520021632621749
2.802226950210157e14	0.00451752660688529
2.867505785030796e14	0.004515026517506189
2.9343020260624025e14	0.004512520885454158
3.002655321465515e14	0.004510009229690384
3.072600841349262e14	0.004507491068589344
3.1441772251261375e14	0.004504965921630837
3.21741956748648e14	0.00450243331140049
3.29236694006367e14	0.004499892765941227
3.369061054451576e14	0.004497343821502656
3.4475430739551975e14	0.004494786025739829
3.5278518010843144e14	0.004492218941417265
3.610030370809902e14	0.004489642150678316
3.6941240002737e14	0.004487055259943469
3.7801788511478194e14	0.004484457905503897
3.8682361855955856e14	0.004481849759877646
3.9583444325569244e14	0.0044792305389950255
4.0505548411401756e14	0.004476600010276008
4.1449096466269856e14	0.00447395800165483
4.2414627604585606e14	0.004471304411594616
4.340264744986538e14	0.004468639220116102
4.4413717352746094e14	0.004466063930064934
4.544830649335057e14	0.004463696946905246
4.650699418925482e14	0.004461333178963476
4.7590387942401794e14	0.004458972288735448
4.869897261787112e14	0.004456613932188422
4.983339090072743e14	0.004454257758678256
5.0994263323148175e14	0.004451903410743325
5.2182119339503256e14	0.004449550523902885
5.339767319311628e14	0.0044471987264275425
5.4641574608544106e14	0.004444847639217286
5.5914428733922775e14	0.004442496875558252
5.721690593849998e14	0.0044401460409989124
5.85497719508778e14	0.0044377947332045545
5.991364781171072e14	0.004435442541844168
6.130930341406555e14	0.0044330890485084345
6.273750948667352e14	0.004430733826665523
6.41989573365557e14	0.0044283764416625385
6.569440992373568e14	0.004426016450781677
6.722475637920335e14	0.004423653403361611
6.879071244380739e14	0.004421286840996239
7.039315556028342e14	0.004418916297824828
7.203298663882599e14	0.0044165413009296895
7.371091711131082e14	0.004414161370859922
7.542795502579859e14	0.00441177602230251
7.718505812609119e14	0.004409384764925062
7.898304366488301e14	0.004406987104417965
8.082286863761865e14	0.004404582543767422
8.270565509045288e14	0.004402170584795119
8.463221991218526e14	0.004399750730004757
8.660369039752524e14	0.00439732248478065
8.8621099354355e14	0.004394885359988819
9.06854679360672e14	0.004392438875036477
9.279796861477854e14	0.004389982561451371
9.49596654756667e14	0.0043875159670479095
9.717166737084089e14	0.004385038660752047
9.943525101965274e14	0.004382550238161242
1.0175154614010365e15	0.004380050327918757
1.0412179261773161e15	0.004377538598982656
1.0654726126021675e15	0.004375014768868012
1.0902921330338102e15	0.0043724786129352156
1.1156907645670838e15	0.004369929974786329
1.1416799323295825e15	0.004367368777813875
1.168274103288582e15	0.004364840614098721
1.1954893199368122e15	0.004362587019672203
1.2233374680754342e15	0.00436033660813289
1.2518347337831875e15	0.004358089055080401
1.2809953480273782e15	0.004355844029646486
1.310835251372925e15	0.004353601194281665
1.341371037997305e15	0.0043513602044339275
1.3726170943951102e15	0.004349120708401072
1.4045925394118965e15	0.004346882347059144
1.437310930938011e15	0.004344644753605825
1.4707921018503568e15	0.004342407553336703
1.505054558633067e15	0.004340170363419927
1.5401132461291622e15	0.0043379327926822125
1.5759900929518172e15	0.004335694441410079
1.6127013935578358e15	0.0043334549011708546
1.6502682970291222e15	0.004331213754658843
1.6887109849877632e15	0.004328970574835464
1.7280483939341242e15	0.00432672492757475
1.7683026237883322e15	0.004324476367798119
1.8094941844253842e15	0.004322224441897367
1.8516460825840168e15	0.004319968687256649
1.8947784182704372e15	0.0043177086324255026
1.938916640465016e15	0.0043154437973908
1.9840824044983162e15	0.004313173693966051
2.0303004096701075e15	0.004310897826319431
2.0775967279014192e15	0.004308615691665099
2.1259920801001268e15	0.004306326781146181
2.175517060464724e15	0.0043040305809418375
2.2261938072410082e15	0.004301726573635587
2.278051770715391e15	0.00429941423988716
2.331118562246324e15	0.004297093060455816
2.385419223320136e15	0.004294762518629223
2.440987692521369e15	0.004292422103118519
2.497848227141002e15	0.004290071311487072
2.5560353094893935e15	0.004287709654187411
2.6155767586679925e15	0.004285336659287666
2.6765051518106085e15	0.004282951877975209
2.7388528118935265e15	0.0042805548909304
2.8026517939433415e15	0.004278145315666915
2.8679393593414645e15	0.004275722814935842
2.9347442572302075e15	0.004273287106287679
3.003109448589769e15	0.004270837972877729
3.0730647255403495e15	0.004268375275584673
3.1446509612416415e15	0.004265898966486871
3.2179033686959025e15	0.004263739649357345
3.2928631394259995e15	0.0042615975535179
3.3695687578894595e15	0.004259458304745616
3.448060664362995e15	0.00425732158538634
3.528381546306718e15	0.004255187071149655
3.610573494167433e15	0.004253054430687119
3.694679736961194e15	0.004250923325391815
3.7807452813726985e15	0.00424879340910426
3.868815648958986e15	0.004246664327830645
3.9589380287023845e15	0.0042445357194601145
4.051158629562729e15	0.0042424072134829805
4.1455274545971015e15	0.004240278430712187
4.242096206288812e15	0.004238148983010844
4.3409133512141265e15	0.004236018473029185
4.4420325955730405e15	0.004233886493955029
4.545506788675179e15	0.004231752629282565
4.651392494446366e15	0.004229616452605224
4.759744009421569e15	0.004227477527439477
4.870619777891206e15	0.0042253354070876424
4.984077356931116e15	0.004223189634549277
5.100179957217389e15	0.004221039742492372
5.218983549173412e15	0.004218885253297607
5.340559070348035e15	0.004216725679191173
5.464964694850966e15	0.004214560522484301
5.592267624806877e15	0.004212389275940711
5.722535736361434e15	0.004210211423296662
5.85584009517684e15	0.0042080264399622985
5.992246260442416e15	0.004205833793192654
6.131835021213339e15	0.004203632945975205
6.274669011387438e15	0.004201423354715757
6.420837481676628e15	0.004199204473402492
6.570404228972884e15	0.004196975755269778
6.723462680369684e15	0.004194736655485053
6.880076206509237e15	0.004192486634379898
7.040349930678258e15	0.004190225161307898
7.204344398127057e15	0.004187951719220604
7.372171647728941e15	0.004185665810062532
7.543896348770406e15	0.004183366961092971
7.719632323944421e15	0.004181054732250252
7.899452162151287e15	0.004178728724677687
8.083468469133744e15	0.004176388590531068
8.271765096253439e15	0.004174034044182522
8.464452024633707e15	0.004171664874922857
8.6616244272472e15	0.004169280961241538
8.863395187347191e15	0.004167153266626096
9.069858201483552e15	0.004165114599436326
9.281141310985556e15	0.004163078781649079
9.497332955067438e15	0.004161045509193133
9.718575381074396e15	0.004159014470988141
9.94495594636243e15	0.004156985349512333
1.0176626065542554e16	0.004154957819583482
1.041367829775549e16	0.004152931548526053
1.0656258345385364e16	0.004150906195757679
1.09044911164135e16	0.004148881412466484
1.115850372629877e16	0.004146856841283057
1.1418435593573902e16	0.00414483211594858
1.168442302584591e16	0.004142806860980897
1.1956594857477714e16	0.004140780691340867
1.223512772098485e16	0.0041387532121017825
1.2520126642197712e16	0.004136724018125329
1.2811777961732682e16	0.004134692693748276
1.3110223823200094e16	0.004132658812484964
1.3415616083270686e16	0.004130621936751727
1.372812913527918e16	0.004128581617620574
1.404791666377722e16	0.004126537394610925
1.4375152197137722e16	0.004124488795529866
1.47100166471205e16	0.004122435336373389
1.505267675789963e16	0.004120376521303407
1.5403312311513692e16	0.004118311842718019
1.5762135317588878e16	0.0041162407814357045
1.6129292026663552e16	0.004114162807017757
1.6505020726041048e16	0.004112077377364579
1.6889491023941142e16	0.004109983942668341
1.7282921671800422e16	0.004107881941801136
1.7685514566382658e16	0.004105770806354519
1.8097492851631576e16	0.004103649961523052
1.8519050268275572e16	0.00410151882805058
1.89504548381237e16	0.004099376824644218
1.9391882648802816e16	0.004097223370936048
1.984360642544044e16	0.004095057891083187
2.0305843807082324e16	0.0040928798181085226
2.0778866365184052e16	0.004090688599096558
2.1262896003472956e16	0.004088483701367462
2.175820018815044e16	0.004086264619771701
2.2265051318673344e16	0.004084030885243239
2.2783686890927104e16	0.004081782074767164
2.331442838633521e16	0.00407951782291082
2.3857517184758424e16	0.004077237835062186
2.441326389519626e16	0.004074941902500444
2.4981952217801396e16	0.004072819132162226
2.5563901452095708e16	0.004070879148203205
2.6159376511218124e16	0.00406894203470881
2.676874616245159e16	0.0040670075013742694
2.7392314447205724e16	0.004065075251390647
2.803040009766469e16	0.004063144980353583
2.868335367941508e16	0.004061216377894106
2.9351509104172492e16	0.004059289125210461
3.0035243389602148e16	0.004057362895849255
3.073487378360686e16	0.004055437355120543
3.1450839344656396e16	0.0040535121597338195
3.2183455751583068e16	0.004051586957423998
3.293315385477177e16	0.004049661386568348
3.3700287651827936e16	0.0040477350757956495
3.4485328734898296e16	0.004045807643589285
3.5288634776355468e16	0.004043878697886395
3.6110664997519224e16	0.004041947835675837
3.695183769061914e16	0.004040014642598358
3.781261842470401e16	0.0040380786925531915
3.869344142960322e16	0.004036139547316305
3.959475351046735e16	0.004034196756176629
4.051709738233584e16	0.004032249855598039
4.146091746024256e16	0.00403029836891648
4.242672656029023e16	0.004028341805227805
4.34149990953041e16	0.0040263796623475805
4.442633656253234e16	0.004024411422270603
4.54612268547588e16	0.00402243655391456
4.652021508553499e16	0.004020454512559391
4.760387852287793e16	0.004018464740087412
4.8712760009479144e16	0.004016466665402826
4.984752085791883e16	0.004014459705069507
5.100865488761325e16	0.004012443264212747
5.2196870492704536e16	0.004010416737738844
5.341274053764783e16	0.004008379511935408
5.465698252468004e16	0.004006330966525879
5.593015663259512e16	0.004004270477263342
5.723301815887137e16	0.004002197419161889
5.856622355683545e16	0.004000111170478002
5.993050261986782e16	0.003998011117569711
6.132655815206237e16	0.003995896660777242
6.275507314992362e16	0.003993767221484683
6.421692160387923e16	0.003991622250537118
6.571278492207394e16	0.003989461238199985
6.724355737490282e16	0.003987283725855271
6.880992279104612e16	0.003985089319629723
7.04128028170814e16	0.003982877706139684
7.20530334236696e16	0.00398072214145731
7.373143096467523e16	0.003978876222083559
7.544900844436218e16	0.003977033216859913
7.720649050069061e16	0.003975192849755591
7.900497168433635e16	0.0039733548377105035
8.084528935680458e16	0.003971518891974042
8.272858978699144e16	0.003969684716014046
8.465570323008022e16	0.0039678520060847395
8.662766508001203e16	0.003966020450680775
8.864561084939286e16	0.003964189730163002
9.071048890690347e16	0.003962359516369112
9.28235538204668e16	0.003960529472209166
9.498582239072782e16	0.003958699251596766
9.719846578280597e16	0.003956868497703836
9.946257154307922e16	0.003955036844368136
1.0177949503295682e17	0.00395320391446049
1.0415038920750077e17	0.003951369318794426
1.0657648712878467e17	0.00394953265899118
1.0905916569643491e17	0.003947693522267865
1.1159956188486672e17	0.003945851483922487
1.1419920579985434e17	0.003944006106132992
1.1685933105871566e17	0.003942156937468774
1.1958154670298584e17	0.00394030351241351
1.2236712951663458e17	0.00393844535090718
1.2521757321778187e17	0.003936581957916939
1.2813445783472869e17	0.003934712823048753
1.3111917593563728e17	0.003932837420214277
1.3417353236986046e17	0.003930955207370642
1.372989668164439e17	0.003929065626354521
1.4049732414111354e17	0.003927168102836314
1.4377006247307565e17	0.003925262046425558
1.471190848919003e17	0.00392334685096489
1.5054613851795712e17	0.003921421895057271
1.5405290822488157e17	0.003919486542879742
1.5764149631358963e17	0.003917540145347091
1.613135669222791e17	0.003915582041700406
1.6507132552672464e17	0.003913611561608962
1.689165007844003e17	0.003911628027889108
1.7285133729239462e17	0.003909630759961124
1.7687776768803498e17	0.003907619078184019
1.8099794404874006e17	0.003905592309229075
1.852141917825774e17	0.003903549792674858
1.8952856393729834e17	0.003901490889028718
1.9394360500153146e17	0.003899414989401146
1.984612297959737e17	0.003897321527077689
2.0308433646858662e17	0.0038952099912455693
2.0781497221988307e17	0.003893079943134644
2.1265587103456275e17	0.0038909310348194445
2.176095700199534e17	0.0038890852223164127
2.226785059388395e17	0.0038873318404009922
2.278656713889008e17	0.003885581180045685
2.331735408264092e17	0.003883832973688184
2.3860529147021398e17	0.0038820869467429144
2.441634854091137e17	0.00388034281871017
2.4985102444391354e17	0.0038786003012647903
2.5567113373333696e17	0.0038768590987504088
2.616266802578859e17	0.0038751189075790916
2.6772111677278358e17	0.003873379415841877
2.739573531959957e17	0.003871640302886174
2.80339052127526e17	0.003869901238873641
2.868693300143245e17	0.0038681618843181462
2.935516460243338e17	0.003866421889603589
3.003899050166934e17	0.003864680894481522
3.073871794444254e17	0.00386293852754877
3.1454760752159155e17	0.0038611944057055083
3.2187457559467386e17	0.0038594481335946763
3.2937247451497786e17	0.0038576993030240495
3.370448071283889e17	0.0038559474923728753
3.448960631468598e17	0.003854192265985725
3.529301990708159e17	0.0038524331735570695
3.611512647929857e17	0.003850669749511229
3.695641164026893e17	0.003848901512383654
3.781727567626414e17	0.0038471279633548678
3.8698205290313485e17	0.0038453485888330086
3.9599650719242534e17	0.0038435628554300697
4.0522095044838515e17	0.003841770212250851
4.146604752196563e17	0.0038399700897751893
4.2431941846870304e17	0.0038381618994914627
4.342036921449677e17	0.0038363450336444415
4.4431790699001254e17	0.0038345188651316632
4.546680645952336e17	0.003832682747589893
4.652589600586445e17	0.003830836015722167
4.7609691133306285e17	0.003828977985926483
4.871873271639024e17	0.0038271079572996954
4.98535708043429e17	0.003825225213104941
5.101488444943794e17	0.0038233290228080934
5.220321260465075e17	0.0038214186448087004
5.341927351003621e17	0.003819493330013649
5.4663590122038637e17	0.0038175523264276055
5.593697252635516e17	0.003815594884962794
5.723999473586455e17	0.003813620266701537
5.857334744563901e17	0.003811627751877162
5.993777300252882e17	0.003809616650870606
6.133395362780863e17	0.003807586317548783
6.276269733290373e17	0.0038055361652922456
6.422466330366388e17	0.0038034656865604654
6.572075006596093e17	0.0038014806554469206
6.72516688197172e17	0.003799812499972945
6.881821921383395e17	0.0037981471766420226
7.042130528759891e17	0.003796484433354899
7.206167671319834e17	0.0037948240116638305
7.374031396602861e17	0.003793165646749351
7.545801049424689e17	0.0037915090671392987
7.721575336228244e17	0.0037898539925460754
7.901442126487785e17	0.003788200137995131
8.085499255835186e17	0.003786547208418653
8.27384699015929e17	0.0037848949008777743
8.466575225785539e17	0.0037832429035612055
8.66379932594282e17	0.0037815908953106213
8.865611073779252e17	0.003779938545121344
9.072131202832443e17	0.0037782855116174096
9.283459014704398e17	0.0037766314425002417
9.499707692117249e17	0.003774975973970243
9.720998274120744e17	0.0037733187301208383
9.947435908643863e17	0.0037716593223047134
1.0179156614783502e18	0.003769997348472336
1.0416266039529668e18	0.003768332392483245
1.0658908303791008e18	0.0037666640233911313
1.0907196373546708e18	0.0037649917947044104
1.116127036921875e18	0.003763315243624827
1.1421266861281609e18	0.0037616338902677245
1.1687310201991741e18	0.0037599472368689264
1.1959559375513974e18	0.0037582547669848575
1.2238143371226737e18	0.003756555944694607
1.252322298300376e18	0.003754850213815164
1.2814944005745088e18	0.003753136997144262
1.3113452588762358e18	0.0037514156957490948
1.3418923333075067e18	0.003749685688323989
1.373150067065224e18	0.0037479463306459137
1.4051367546475195e18	0.0037461969551638675
1.437867709394489e18	0.0037444368707668313
1.4713620012609933e18	0.0037426653627855313
1.5056359845434798e18	0.003740881693295986
1.540708498501214e18	0.003739085101808106
1.5765985502874153e18	0.003737274806441022
1.6133233230888356e18	0.0037354500057085803
1.650904773464503e18	0.0037336098810642738
1.6893605183109207e18	0.0037317536003849336
1.7287132572695905e18	0.003729880322607296
1.7689814758800292e18	0.003727989203770943
1.8101888726918246e18	0.0037260794047649292
1.8523560744175293e18	0.0037241501011225165
1.8955045258622292e18	0.0037222004952569337
1.939659249135366e18	0.0037202298315775865
1.9848411531329165e18	0.0037182374149651288
2.031076934815147e18	0.0037162226331072124
2.0783882609725174e18	0.0037144455739971226
2.1268031965137152e18	0.0037128612794689194
2.1763454081595546e18	0.00371127971883546
2.2270409930532e18	0.0037097006499279277
2.278918960206753e18	0.0037081238246693977
2.3320028988370627e18	0.0037065489881140407
2.3863258786456315e18	0.0037049758792668318
2.441911754824146e18	0.003703404229494491
2.498794705826087e18	0.003701833763119214
2.5570004201921347e18	0.003700264195445352
2.6165643168655846e18	0.0036986952343585574
2.6775151455843907e18	0.00369712657854887
2.7398844080442834e18	0.003695557916527053
2.8037086367090196e18	0.0036939889291182208
2.8690174112140785e18	0.0036924192845889034
2.9358496373966106e18	0.0036908486408050284
3.004236345898765e18	0.0036892766439489
3.0742185564599035e18	0.0036877029278598664
3.145830576016778e18	0.0036861271133385516
3.219108916455662e18	0.003684548807413444
3.2940963839843395e18	0.0036829676025688395
3.3708282261493094e18	0.00368138307593344
3.44934954843561e18	0.0036797947884293484
3.529697352856672e18	0.003678202283881721
3.6119195632992655e18	0.003676605088090116
3.696056049470074e18	0.003675002707863492
3.782150075814682e18	0.0036733946300220627
3.8702533504222807e18	0.003671780320370787
3.9604057193338056e18	0.003670159222651258
4.05266123936572e18	0.0036685307574813183
4.14706286381653e18	0.0036668943212948934
4.2436665350885294e18	0.003665249285298591
4.342518372399454e18	0.0036635949944665985
4.44367396301451e18	0.0036619307666017455
4.547187216591503e18	0.0036602558914983615
4.653107430602047e18	0.003658569630252306
4.76149961565313e18	0.00365687121477554
4.872411464048668e18	0.0036551598475873834
4.985908852620951e18	0.0036534347019728138
5.102050046447604e18	0.0036516949226203348
5.220898468097403e18	0.003649939626878953
5.342513289725355e18	0.003648167906806354
5.466963925728605e18	0.003646378832219389
5.594313904258261e18	0.0036445714550040966
5.724626263918098e18	0.0036427448149964027
5.857978578989908e18	0.0036408979478064116
5.994432521160133e18	0.003639029895028233
6.134067777497905e18	0.0036371397173518534
6.27695278541085e18	0.003635226511169713
6.423169854474951e18	0.003633289429341965
6.572791413503934e18	0.0036313277068398637
6.725897255675317e18	0.0036296903759767056
6.882573790508512e18	0.003628185747339025
7.042894217649673e18	0.0036266838072893342
7.206954549604531e18	0.0036251843250357965
7.374831253410126e18	0.0036236870632623324
7.54662243102665e18	0.0036221917793754343
7.722410894273394e18	0.0036206982235958917
7.902296404487045e18	0.003619206139092294
8.086375484456071e18	0.003617715261867381
8.27473821206785e18	0.0036162253200373662
8.467494399617846e18	0.003614736033449418
8.664733491449682e18	0.0036132471131994485
8.866573811872087e18	0.0036117582611195176
9.073106875697201e18	0.00361026916923283
9.284455440492546e18	0.0036087795191742347
9.50072499896497e18	0.003607288981573996
9.722039122149112e18	0.003605797215402555
9.948509090554857e18	0.003604303867273904
1.0180246505605032e19	0.003602808570705146
1.0417389462212125e19	0.0036013109453298065
1.0660044841302897e19	0.0035998105952635526
1.0908360888382728e19	0.003598307111237392
1.1162458003111614e19	0.0035968000653474777
1.1422481394935675e19	0.0035952890128051747
1.168855285129804e19	0.0035937734902262253
1.196083208918727e19	0.0035922530145198217
1.2239450174927735e19	0.003590727081718997
1.2524546834325707e19	0.0035891951657528324
1.2816298970811896e19	0.003587656717162304
1.3114838124385153e19	0.0035861111617632923
1.3420341312911559e19	0.003584557899262546
1.373295095738699e19	0.003582996301835323
1.4052853235541176e19	0.0035814257126772437
1.4380192105335214e19	0.0035798454445477705
1.4715163075490875e19	0.003578254778329004
1.505793778318063e19	0.0035766529616314867
1.540870126429949e19	0.0035750392074888416
1.5767639533451725e19	0.003573412693195991
1.6134925532567525e19	0.003571772559361883
1.6510772553718647e19	0.0035701179092681497
1.6895364228780124e19	0.003568447808650616
1.7288932818288695e19	0.0035667612860525067
1.7691656523755346e19	0.0035650573339376223
1.810377473832208e19	0.003563334910800319